727.000000 254.000000
726.000000 255.000000
725.000000 255.000000
724.000000 256.000000
724.000000 257.000000
723.000000 258.000000
723.000000 259.000000
722.000000 260.000000
722.000000 262.000000
721.000000 263.000000
721.000000 265.000000
720.000000 266.000000
720.000000 267.000000
719.000000 268.000000
719.000000 270.000000
718.000000 271.000000
718.000000 273.000000
717.000000 274.000000
717.000000 276.000000
716.000000 277.000000
716.000000 278.000000
715.000000 279.000000
715.000000 281.000000
714.000000 282.000000
714.000000 284.000000
713.000000 285.000000
713.000000 287.000000
712.000000 288.000000
712.000000 290.000000
711.000000 291.000000
711.000000 292.000000
710.000000 293.000000
710.000000 295.000000
709.000000 296.000000
709.000000 298.000000
708.000000 299.000000
708.000000 301.000000
707.000000 302.000000
707.000000 303.000000
706.000000 304.000000
706.000000 306.000000
705.000000 307.000000
705.000000 309.000000
704.000000 310.000000
704.000000 312.000000
703.000000 313.000000
703.000000 315.000000
702.000000 316.000000
702.000000 317.000000
701.000000 318.000000
701.000000 320.000000
700.000000 321.000000
700.000000 323.000000
699.000000 324.000000
699.000000 326.000000
698.000000 327.000000
698.000000 329.000000
697.000000 330.000000
697.000000 332.000000
696.000000 333.000000
696.000000 334.000000
695.000000 335.000000
695.000000 337.000000
694.000000 338.000000
694.000000 340.000000
693.000000 341.000000
693.000000 342.000000
692.000000 343.000000
692.000000 345.000000
691.000000 346.000000
691.000000 348.000000
690.000000 349.000000
690.000000 351.000000
689.000000 352.000000
689.000000 354.000000
688.000000 355.000000
688.000000 358.000000
690.000000 360.000000
691.000000 360.000000
692.000000 361.000000
694.000000 361.000000
695.000000 362.000000
696.000000 362.000000
700.000000 366.000000
701.000000 366.000000
702.000000 367.000000
703.000000 367.000000
704.000000 366.000000
708.000000 366.000000
709.000000 367.000000
711.000000 367.000000
712.000000 368.000000
714.000000 368.000000
715.000000 369.000000
716.000000 369.000000
717.000000 370.000000
719.000000 370.000000
720.000000 371.000000
722.000000 371.000000
723.000000 372.000000
725.000000 372.000000
726.000000 373.000000
728.000000 373.000000
729.000000 374.000000
730.000000 374.000000
731.000000 375.000000
733.000000 375.000000
734.000000 376.000000
736.000000 376.000000
737.000000 377.000000
739.000000 377.000000
740.000000 378.000000
741.000000 378.000000
742.000000 379.000000
744.000000 379.000000
745.000000 380.000000
747.000000 380.000000
748.000000 381.000000
749.000000 381.000000
750.000000 382.000000
752.000000 382.000000
753.000000 383.000000
755.000000 383.000000
756.000000 384.000000
758.000000 384.000000
759.000000 385.000000
765.000000 385.000000
766.000000 384.000000
766.000000 383.000000
767.000000 382.000000
767.000000 381.000000
768.000000 380.000000
768.000000 378.000000
769.000000 377.000000
769.000000 376.000000
770.000000 375.000000
770.000000 373.000000
771.000000 372.000000
771.000000 370.000000
772.000000 369.000000
772.000000 367.000000
773.000000 366.000000
773.000000 365.000000
774.000000 364.000000
774.000000 362.000000
775.000000 361.000000
775.000000 359.000000
776.000000 358.000000
776.000000 356.000000
777.000000 355.000000
777.000000 353.000000
778.000000 352.000000
778.000000 350.000000
779.000000 349.000000
779.000000 348.000000
780.000000 347.000000
780.000000 345.000000
781.000000 344.000000
781.000000 342.000000
782.000000 341.000000
782.000000 339.000000
783.000000 338.000000
783.000000 336.000000
784.000000 335.000000
784.000000 334.000000
785.000000 333.000000
785.000000 331.000000
786.000000 330.000000
786.000000 328.000000
787.000000 327.000000
787.000000 326.000000
788.000000 325.000000
788.000000 323.000000
789.000000 322.000000
789.000000 320.000000
790.000000 319.000000
790.000000 317.000000
791.000000 316.000000
791.000000 315.000000
792.000000 314.000000
792.000000 312.000000
793.000000 311.000000
793.000000 309.000000
794.000000 308.000000
794.000000 306.000000
795.000000 305.000000
795.000000 304.000000
796.000000 303.000000
796.000000 301.000000
797.000000 300.000000
797.000000 298.000000
798.000000 297.000000
798.000000 295.000000
799.000000 294.000000
799.000000 292.000000
800.000000 291.000000
800.000000 289.000000
801.000000 288.000000
801.000000 287.000000
802.000000 286.000000
802.000000 283.000000
803.000000 282.000000
801.000000 280.000000
800.000000 280.000000
799.000000 279.000000
798.000000 279.000000
797.000000 278.000000
795.000000 278.000000
794.000000 277.000000
793.000000 277.000000
792.000000 276.000000
790.000000 276.000000
789.000000 275.000000
787.000000 275.000000
786.000000 274.000000
785.000000 274.000000
784.000000 273.000000
781.000000 273.000000
780.000000 272.000000
779.000000 272.000000
778.000000 271.000000
776.000000 271.000000
775.000000 270.000000
773.000000 270.000000
772.000000 269.000000
771.000000 269.000000
770.000000 268.000000
768.000000 268.000000
767.000000 267.000000
765.000000 267.000000
764.000000 266.000000
762.000000 266.000000
761.000000 265.000000
759.000000 265.000000
758.000000 264.000000
756.000000 264.000000
755.000000 263.000000
753.000000 263.000000
752.000000 262.000000
750.000000 262.000000
749.000000 261.000000
747.000000 261.000000
746.000000 260.000000
744.000000 260.000000
743.000000 259.000000
742.000000 259.000000
741.000000 258.000000
739.000000 258.000000
738.000000 257.000000
736.000000 257.000000
735.000000 256.000000
733.000000 256.000000
732.000000 255.000000
730.000000 255.000000
729.000000 254.000000
727.000000 254.000000
