831.000000 168.000000
813.000000 168.000000
812.000000 169.000000
793.000000 169.000000
792.000000 170.000000
775.000000 170.000000
774.000000 171.000000
757.000000 171.000000
756.000000 172.000000
740.000000 172.000000
739.000000 173.000000
721.000000 173.000000
720.000000 174.000000
702.000000 174.000000
701.000000 175.000000
685.000000 175.000000
684.000000 176.000000
667.000000 176.000000
666.000000 177.000000
649.000000 177.000000
648.000000 178.000000
633.000000 178.000000
632.000000 179.000000
615.000000 179.000000
614.000000 180.000000
598.000000 180.000000
597.000000 181.000000
577.000000 181.000000
576.000000 182.000000
559.000000 182.000000
558.000000 183.000000
543.000000 183.000000
542.000000 184.000000
530.000000 184.000000
529.000000 185.000000
528.000000 185.000000
528.000000 204.000000
529.000000 205.000000
529.000000 220.000000
530.000000 221.000000
530.000000 238.000000
531.000000 239.000000
531.000000 254.000000
532.000000 255.000000
532.000000 274.000000
533.000000 275.000000
533.000000 292.000000
534.000000 293.000000
534.000000 310.000000
535.000000 311.000000
535.000000 330.000000
536.000000 331.000000
536.000000 354.000000
537.000000 355.000000
537.000000 383.000000
538.000000 384.000000
538.000000 393.000000
539.000000 394.000000
539.000000 397.000000
540.000000 397.000000
541.000000 398.000000
543.000000 398.000000
544.000000 397.000000
562.000000 397.000000
563.000000 396.000000
582.000000 396.000000
583.000000 395.000000
601.000000 395.000000
602.000000 394.000000
618.000000 394.000000
619.000000 393.000000
637.000000 393.000000
638.000000 392.000000
657.000000 392.000000
658.000000 391.000000
674.000000 391.000000
675.000000 390.000000
692.000000 390.000000
693.000000 389.000000
711.000000 389.000000
712.000000 388.000000
730.000000 388.000000
731.000000 387.000000
748.000000 387.000000
749.000000 386.000000
768.000000 386.000000
769.000000 385.000000
785.000000 385.000000
786.000000 384.000000
805.000000 384.000000
806.000000 383.000000
823.000000 383.000000
824.000000 382.000000
840.000000 382.000000
841.000000 381.000000
842.000000 381.000000
843.000000 380.000000
843.000000 374.000000
842.000000 373.000000
842.000000 354.000000
841.000000 353.000000
841.000000 337.000000
840.000000 336.000000
840.000000 319.000000
839.000000 318.000000
839.000000 302.000000
838.000000 301.000000
838.000000 283.000000
837.000000 282.000000
837.000000 266.000000
836.000000 265.000000
836.000000 248.000000
835.000000 247.000000
835.000000 229.000000
834.000000 228.000000
834.000000 208.000000
833.000000 207.000000
833.000000 188.000000
832.000000 187.000000
832.000000 170.000000
831.000000 169.000000
831.000000 168.000000
