488.000000 290.000000
485.000000 290.000000
470.000000 305.000000
470.000000 306.000000
460.000000 316.000000
460.000000 317.000000
444.000000 333.000000
444.000000 334.000000
431.000000 347.000000
431.000000 348.000000
419.000000 360.000000
419.000000 361.000000
411.000000 369.000000
411.000000 371.000000
422.000000 382.000000
423.000000 382.000000
433.000000 392.000000
434.000000 392.000000
443.000000 401.000000
444.000000 401.000000
453.000000 410.000000
454.000000 410.000000
460.000000 416.000000
461.000000 416.000000
468.000000 423.000000
469.000000 423.000000
470.000000 424.000000
471.000000 424.000000
472.000000 423.000000
473.000000 423.000000
476.000000 420.000000
476.000000 419.000000
487.000000 408.000000
487.000000 407.000000
499.000000 395.000000
499.000000 394.000000
511.000000 382.000000
511.000000 381.000000
523.000000 369.000000
523.000000 368.000000
535.000000 356.000000
535.000000 355.000000
544.000000 346.000000
544.000000 345.000000
545.000000 344.000000
545.000000 342.000000
534.000000 331.000000
533.000000 331.000000
527.000000 325.000000
526.000000 325.000000
519.000000 318.000000
518.000000 318.000000
506.000000 306.000000
505.000000 306.000000
496.000000 297.000000
495.000000 297.000000
492.000000 294.000000
491.000000 294.000000
489.000000 292.000000
489.000000 291.000000
488.000000 290.000000
